 

<TABLE>



Table S._Based on Life Table 

80CNSMT 

Single Life Remainder Factors 


[Applicable after April 30, 1989] 

1Age 
1Interest rate 

212.2% 

212.4% 

212.6% 

212.8% 

213.0% 

213.2% 

213.4% 

213.6% 

213.8% 

214.0% 



0 
.01683 
.01669 
.01655 
.01642 
.01630 
.01618 
.01607 
.01596 
.01586 
.01576 
1 
.00559 
.00544 
.00531 
.00518 
.00506 
.00494 
.00484 
.00473 
.00464 
.00454 
2 
.00528 
.00513 
.00499 
.00485 
.00473 
.00461 
.00449 
.00439 
.00428 
.00419 
3 
.00524 
.00508 
.00493 
.00479 
.00465 
.00453 
.00441 
.00429 
.00419 
.00408 
4 
.00536 
.00519 
.00503 
.00488 
.00473 
.00460 
.00447 
.00435 
.00423 
.00412 
5 
.00558 
.00540 
.00523 
.00507 
.00492 
.00477 
.00464 
.00451 
.00439 
.00427 
6 
.00588 
.00569 
.00550 
.00533 
.00517 
.00502 
.00487 
.00473 
.00460 
.00448 
7 
.00624 
.00604 
.00584 
.00566 
.00549 
.00532 
.00517 
.00502 
.00488 
.00475 
8 
.00668 
.00646 
.00626 
.00606 
.00588 
.00570 
.00554 
.00538 
.00523 
.00509 
9 
.00722 
.00699 
.00677 
.00656 
.00636 
.00617 
.00600 
.00583 
.00567 
.00552 
10 
.00785 
.00761 
.00737 
.00715 
.00694 
.00674 
.00655 
.00637 
.00620 
.00604 
11 
.00861 
.00835 
.00810 
.00786 
.00764 
.00743 
.00723 
.00704 
.00686 
.00668 
12 
.00946 
.00918 
.00891 
.00866 
.00843 
.00820 
.00799 
.00779 
.00760 
.00741 
13 
.01035 
.01006 
.00978 
.00951 
.00927 
.00903 
.00880 
.00859 
.00839 
.00819 
14 
.01122 
.01091 
.01061 
.01034 
.01007 
.00982 
.00958 
.00936 
.00914 
.00894 
15 
.01203 
.01171 
.01140 
.01110 
.01082 
.01056 
.01031 
.01007 
.00985 
.00963 
16 
.01279 
.01244 
.01211 
.01181 
.01151 
.01123 
.01097 
.01072 
.01048 
.01025 
17 
.01347 
.01311 
.01276 
.01244 
.01213 
.01184 
.01156 
.01130 
.01104 
.01081 
18 
.01411 
.01373 
.01336 
.01302 
.01270 
.01239 
.01210 
.01182 
.01155 
.01130 
19 
.01474 
.01434 
.01396 
.01359 
.01325 
.01293 
.01262 
.01233 
.01205 
.01178 
20 
.01537 
.01494 
.01454 
.01415 
.01379 
.01345 
.01313 
.01282 
.01252 
.01224 
21 
.01598 
.01553 
.01510 
.01470 
.01432 
.01396 
.01361 
.01329 
.01298 
.01268 
22 
.01660 
.01613 
.01568 
.01525 
.01485 
.01446 
.01410 
.01375 
.01343 
.01312 
23 
.01725 
.01674 
.01627 
.01581 
.01539 
.01498 
.01460 
.01423 
.01388 
.01355 
24 
.01796 
.01742 
.01692 
.01644 
.01599 
.01556 
.01515 
.01476 
.01439 
.01404 
25 
.01876 
.01819 
.01765 
.01714 
.01666 
.01621 
.01577 
.01536 
.01497 
.01460 
26 
.01967 
.01907 
.01850 
.01796 
.01745 
.01696 
.01650 
.01606 
.01565 
.01525 
27 
.02072 
.02008 
.01948 
.01890 
.01836 
.01784 
.01735 
.01688 
.01644 
.01601 
28 
.02190 
.02122 
.02057 
.01996 
.01938 
.01883 
.01831 
.01781 
.01734 
.01689 
29 
.02322 
.02249 
.02181 
.02116 
.02054 
.01996 
.01940 
.01887 
.01836 
.01788 
30 
.02469 
.02392 
.02319 
.02250 
.02184 
.02122 
.02062 
.02006 
.01952 
.01900 
31 
.02634 
.02552 
.02475 
.02401 
.02331 
.02264 
.02201 
.02140 
.02083 
.02028 
32 
.02816 
.02729 
.02647 
.02568 
.02494 
.02423 
.02355 
.02291 
.02229 
.02170 
33 
.03018 
.02926 
.02838 
.02755 
.02675 
.02600 
.02528 
.02459 
.02393 
.02331 
34 
.03239 
.03142 
.03048 
.02960 
.02875 
.02795 
.02718 
.02645 
.02575 
.02508 
35 
.03482 
.03378 
.03279 
.03185 
.03095 
.03009 
.02928 
.02850 
.02775 
.02704 
36 
.03743 
.03633 
.03528 
.03428 
.03333 
.03242 
.03155 
.03072 
.02992 
.02916 
37 
.04026 
.03909 
.03798 
.03692 
.03591 
.03494 
.03401 
.03313 
.03228 
.03147 
38 
.04330 
.04207 
.04089 
.03977 
.03869 
.03767 
.03668 
.03574 
.03484 
.03398 
39 
.04658 
.04528 
.04403 
.04284 
.04170 
.04061 
.03957 
.03857 
.03762 
.03670 
40 
.05011 
.04873 
.04741 
.04615 
.04495 
.04379 
.04269 
.04163 
.04061 
.03964 
41 
.05389 
.05244 
.05104 
.04971 
.04844 
.04721 
.04604 
.04492 
.04384 
.04281 
42 
.05791 
.05638 
.05491 
.05350 
.05216 
.05086 
.04962 
.04844 
.04729 
.04620 
43 
.06219 
.06057 
.05902 
.05754 
.05612 
.05475 
.05344 
.05218 
.05098 
.04981 
44 
.06673 
.06503 
.06340 
.06184 
.06034 
.05890 
.05752 
.05619 
.05491 
.05368 
45 
.07157 
.06978 
.06806 
.06642 
.06484 
.06332 
.06186 
.06046 
.05911 
.05781 
46 
.07669 
.07481 
.07301 
.07128 
.06962 
.06802 
.06649 
.06501 
.06358 
.06221 
47 
.08212 
.08015 
.07826 
.07645 
.07470 
.07302 
.07140 
.06984 
.06834 
.06690 
48 
.08784 
.08578 
.08380 
.08190 
.08006 
.07830 
.07660 
.07496 
.07338 
.07186 
49 
.09384 
.09169 
.08961 
.08762 
.08570 
.08384 
.08206 
.08034 
.07868 
.07708 
50 
.10013 
.09787 
.09570 
.09361 
.09160 
.08966 
.08779 
.08598 
.08424 
.08256 
51 
.10671 
.10436 
.10209 
.09991 
.09780 
.09577 
.09381 
.09192 
.09009 
.08832 
52 
.11365 
.11120 
.10883 
.10655 
.10435 
.10222 
.10017 
.09819 
.09628 
.09442 
53 
.12095 
.11840 
.11593 
.11355 
.11126 
.10904 
.10689 
.10482 
.10282 
.10088 
54 
.12860 
.12595 
.12338 
.12090 
.11851 
.11619 
.11396 
.11179 
.10970 
.10767 
55 
.13663 
.13386 
.13120 
.12862 
.12613 
.12372 
.12138 
.11912 
.11694 
.11482 
56 
.14503 
.14217 
.13940 
.13672 
.13413 
.13162 
.12919 
.12683 
.12456 
.12235 
57 
.15385 
.15089 
.14801 
.14523 
.14254 
.13994 
.13741 
.13496 
.13259 
.13029 
58 
.16311 
.16004 
.15706 
.15418 
.15139 
.14868 
.14606 
.14352 
.14105 
.13866 
59 
.17279 
.16961 
.16654 
.16355 
.16066 
.15786 
.15514 
.15250 
.14994 
.14745 
60 
.18286 
.17958 
.17640 
.17332 
.17033 
.16743 
.16462 
.16188 
.15922 
.15664 
61 
.19330 
.18992 
.18665 
.18347 
.18038 
.17738 
.17447 
.17164 
.16889 
.16622 
62 
.20409 
.20061 
.19724 
.19396 
.19078 
.18768 
.18467 
.18175 
.17891 
.17614 
63 
.21522 
.21165 
.20818 
.20480 
.20152 
.19833 
.19523 
.19221 
.18928 
.18642 
64 
.22672 
.22306 
.21949 
.21602 
.21265 
.20937 
.20617 
.20306 
.20003 
.19708 
65 
.23867 
.23491 
.23125 
.22769 
.22423 
.22085 
.21757 
.21437 
.21125 
.20821 
66 
.25112 
.24727 
.24353 
.23988 
.23632 
.23286 
.22948 
.22619 
.22299 
.21986 
67 
.26409 
.26016 
.25633 
.25260 
.24896 
.24541 
.24195 
.23857 
.23528 
.23206 
68 
.27760 
.27359 
.26968 
.26586 
.26214 
.25851 
.25497 
.25151 
.24814 
.24484 
69 
.29157 
.28748 
.28350 
.27961 
.27581 
.27211 
.26849 
.26495 
.26150 
.25812 
70 
.30596 
.30181 
.29775 
.29379 
.28992 
.28614 
.28245 
.27884 
.27532 
.27187 
71 
.32069 
.31648 
.31236 
.30833 
.30440 
.30055 
.29679 
.29312 
.28952 
.28600 
72 
.33578 
.33151 
.32733 
.32325 
.31925 
.31535 
.31152 
.30778 
.30412 
.30054 
73 
.35123 
.34691 
.34269 
.33855 
.33450 
.33054 
.32666 
.32286 
.31914 
.31550 
74 
.36715 
.36279 
.35852 
.35434 
.35024 
.34623 
.34230 
.33845 
.33468 
.33098 
75 
.38360 
.37921 
.37491 
.37069 
.36656 
.36250 
.35853 
.35464 
.35082 
.34708 
76 
.40064 
.39623 
.39190 
.38765 
.38349 
.37941 
.37540 
.37148 
.36762 
.36384 
77 
.41823 
.41381 
.40947 
.40521 
.40103 
.39692 
.39290 
.38895 
.38507 
.38126 
78 
.43632 
.43189 
.42755 
.42329 
.41910 
.41499 
.41095 
.40698 
.40309 
.39926 
79 
.45473 
.45032 
.44599 
.44173 
.43755 
.43344 
.42940 
.42543 
.42153 
.41770 
80 
.47333 
.46894 
.46463 
.46040 
.45623 
.45213 
.44811 
.44414 
.44025 
.43642 
81 
.49191 
.48755 
.48328 
.47907 
.47493 
.47085 
.46684 
.46290 
.45902 
.45520 
82 
.51034 
.50603 
.50179 
.49762 
.49351 
.48947 
.48549 
.48157 
.47772 
.47392 
83 
.52852 
.52427 
.52008 
.51595 
.51189 
.50788 
.50394 
.50006 
.49623 
.49246 
84 
.54648 
.54228 
.53815 
.53407 
.53006 
.52610 
.52221 
.51836 
.51458 
.51084 
85 
.56426 
.56013 
.55606 
.55205 
.54810 
.54420 
.54035 
.53656 
.53282 
.52913 
86 
.58169 
.57764 
.57364 
.56970 
.56581 
.56197 
.55818 
.55445 
.55076 
.54713 
87 
.59850 
.59452 
.59060 
.58673 
.58291 
.57913 
.57541 
.57174 
.56811 
.56453 
88 
.61476 
.61086 
.60702 
.60322 
.59947 
.59577 
.59212 
.58851 
.58494 
.58142 
89 
.63078 
.62697 
.62321 
.61950 
.61583 
.61220 
.60862 
.60508 
.60159 
.59813 
90 
.64674 
.64302 
.63935 
.63573 
.63215 
.62861 
.62511 
.62165 
.61823 
.61485 
91 
.66238 
.65877 
.65520 
.65167 
.64819 
.64474 
.64133 
.63795 
.63462 
.63132 
92 
.67730 
.67379 
.67032 
.66689 
.66350 
.66014 
.65682 
.65354 
.65029 
.64708 
93 
.69130 
.68789 
.68452 
.68119 
.67789 
.67463 
.67140 
.66820 
.66504 
.66191 
94 
.70421 
.70090 
.69762 
.69438 
.69118 
.68800 
.68486 
.68175 
.67867 
.67563 
95 
.71594 
.71272 
.70954 
.70639 
.70326 
.70017 
.69712 
.69409 
.69109 
.68812 
96 
.72638 
.72325 
.72014 
.71707 
.71403 
.71101 
.70803 
.70507 
.70215 
.69925 
97 
.73590 
.73285 
.72982 
.72682 
.72385 
.72090 
.71799 
.71510 
.71224 
.70941 
98 
.74448 
.74149 
.73853 
.73560 
.73269 
.72981 
.72696 
.72414 
.72134 
.71856 
99 
.75240 
.74948 
.74658 
.74371 
.74086 
.73805 
.73525 
.73248 
.72974 
.72702 
100 
.75974 
.75687 
.75403 
.75121 
.74842 
.74566 
.74292 
.74020 
.73751 
.73484 
101 
.76669 
.76388 
.76109 
.75833 
.75559 
.75287 
.75018 
.74751 
.74486 
.74223 
102 
.77393 
.77117 
.76844 
.76573 
.76304 
.76037 
.75773 
.75511 
.75251 
.74993 
103 
.78158 
.77888 
.77620 
.77355 
.77091 
.76830 
.76571 
.76313 
.76058 
.75805 
104 
.79007 
.78743 
.78482 
.78222 
.77964 
.77709 
.77455 
.77203 
.76953 
.76705 
105 
.80065 
.79809 
.79556 
.79304 
.79054 
.78805 
.78559 
.78314 
.78071 
.77829 
106 
.81631 
.81389 
.81149 
.80911 
.80674 
.80438 
.80204 
.79972 
.79741 
.79511 
107 
.83963 
.83745 
.83529 
.83313 
.83099 
.82886 
.82674 
.82463 
.82254 
.82045 
108 
.87910 
.87739 
.87569 
.87400 
.87232 
.87064 
.86897 
.86731 
.86566 
.86401 
109 
.94563 
.94484 
.94405 
.94326 
.94248 
.94170 
.94092 
.94014 
.93937 
.93860 

</TABLE>


