 

<TABLE>





Page 

7

 of 

16


1Provider

1Case

mix

index

1Avg.

hour

wage

1Provider

1Case

mix

index

1Avg.

hour

wage

1Provider

1Case

mix

index

1Avg.

hour

wage

1Provider

1Case

mix

index

1Avg.

hour

wage

1Provider

1Case

mix

index

1Avg.

hour

wage












190130

00.9897

11.19

190227

00.7615



210032

01.2550

17.31

220066

01.3017

18.54

230020

01.6500

18.94

190131

01.2764

13.59

200001

01.2675

15.09

210033

01.1890

16.07

220067

01.2488

19.66

230021

01.5772

15.00

190133

01.0466

09.24

200002

01.0959

15.46

210034

01.3009

17.26

220068

00.5948

16.26

230022

01.3002

17.34

190134

00.9962

09.28

200003

01.0709

15.05

210035

01.1828

15.47

220070

01.1592

18.15

230024

01.5266

22.55

190135

01.3864

16.54

200006

01.1750

14.04

210036

01.2958

16.68

220071

01.8244

23.03

230027

01.0726

15.36

190136

01.0609

12.04

200007

01.0252

15.37

210037

01.2408

15.64

220073

01.3051

22.39

230029

01.5346

20.32

190138

00.7180

19.68

200008

01.2642

17.07

210038

01.4206

17.33

220074

01.2412

20.16

230030

01.2303

16.73

190140

00.9940

11.25

200009

01.6710

17.96

210039

01.1657

16.17

220075

01.1906

20.08

230031

01.4695

17.50

190142

00.9929

12.54

200012

01.1446

14.30

210040

01.3354

21.10

220076

01.2112

22.33

230032

01.7017

17.85

190144

01.1616

13.35

200013

01.0867

14.12

210043

01.2498

20.01

220077

01.6390

20.92

230034

01.1727

14.38

190145

00.9367

14.48

200015

01.2450

16.17

210044

01.2682

19.24

220079

01.1467

20.12

230035

01.1001

14.84

190146

01.5476

16.85

200016

00.9875

14.92

210045

01.0188

09.60

220080

01.2307

17.63

230036

01.2610

17.94

190147

00.9814

12.33

200017

01.2677

16.81

210046

01.1376

11.93

220081

00.9648

19.63

230037

01.2239

15.86

190148

00.9413

11.58

200018

01.1585

13.98

210048

01.1728

20.49

220082

01.2081

19.86

230038

01.5850

18.78

190149

00.9773

10.49

200019

01.2640

16.59

210049

01.1489

15.63

220083

01.1173

18.96

230040

01.2358

15.59

190151

01.0878

11.17

200020

01.1411

18.32

210051

01.2971

12.97

220084

01.2129

21.51

230041

01.1836

17.06

190152

01.3442

19.19

200021

01.1384

16.13

210054

01.2295

19.77

220086

01.5645

22.71

230042

01.1251

16.23

190155

00.9496

10.29

200023

00.8734

15.51

210055

01.2336

20.46

220088

01.5483

20.65

230043

00.5585



190156

00.8924

11.29

200024

01.1932

17.76

210056

01.4385

16.01

220089

01.2499

21.71

230046

01.8358

26.35

190158

01.2691

20.28

200025

01.1765

17.84

210057

01.3054

21.17

220090

01.1879

20.89

230047

01.2912

18.15

190160

01.1628

14.70

200026

01.0475

14.44

210058

01.7964

17.16

220092

01.2699

19.93

230053

01.4884

23.31

190161

00.8949

13.49

200027

01.2543

15.03

210059

01.3202

20.43

220094

01.2251

18.24

230054

01.7259

17.38

190162

01.2766

15.63

200028

00.9586

13.99

210060

01.0637

19.25

220095

01.1906

18.77

230055

01.1914

15.21

190164

01.1569

14.42

200031

01.2786

14.27

210061

00.8578



220097

01.0471

21.81

230056

00.9578

13.41

190165

01.0022

10.72

200032

01.2741

16.82

220001

01.1827

19.03

220098

01.2248

17.36

230058

01.0944

15.65

190166

01.0303

11.98

200033

01.6726

18.43

220002

01.4300

16.57

220099

01.1587

19.90

230059

01.5400

18.06

190167

01.2759

15.31

200034

01.2041

17.47

220003

01.0791

15.29

220100

01.2435

17.81

230060

01.2781

15.46

190170

01.0698

12.52

200037

01.1788

15.05

220004

01.2327

18.34

220101

01.3953

22.74

230062

01.1739

13.45

190173

01.4218

17.94

200038

01.0132

17.44

220006

01.3008

21.22

220102

00.7873

19.91

230063

01.3800

17.52

190175

01.4664



200039

01.2823

15.86

220008

01.1506

17.96

220104

01.2287

22.48

230065

01.4772

17.15

190176

01.5220

17.76

200040

01.1005

14.71

220010

01.2155

19.85

220105

01.1442

19.59

230066

01.3538

17.72

190177

01.5268

19.77

200041

01.1612

16.52

220011

01.1546

25.18

220106

01.1348

21.34

230068

01.3848

18.28

190178

00.9760

10.27

200043

00.6566

15.00

220012

01.3073

26.56

220107

01.1137

17.08

230069

01.1102

16.62

190182

00.9989

20.51

200050

01.1424

15.39

220015

01.1856

18.89

220108

01.1463

19.07

230070

01.4860

18.10

190183

01.1795

11.91

200051

00.9948

17.08

220016

01.2527

19.03

220110

01.9872

28.62

230071

00.6183

19.34

190184

00.9823

12.28

200052

01.0217

13.98

220017

01.2575

22.56

220111

01.1924

18.46

230072

01.2490

17.07

190185

01.2328

22.78

200055

01.0681

12.93

220019

01.0807

18.15

220114

01.0005

18.76

230075

01.4762

17.70

190186

00.9004

10.73

200062

00.9713

14.24

220020

01.1744

17.95

220116

01.8113

21.93

230076

01.2725

19.48

190187

00.8000

14.06

200063

01.2064

16.48

220021

01.2659

20.16

220118

02.0692

23.05

230077

02.0043

17.19

190189

00.4826

15.10

200066

01.1903

14.22

220023

01.1615

16.29

220119

01.3216

22.92

230078

01.1477

14.20

190190

00.9966

19.64

210001

01.3288

16.34

220024

01.1729

18.19

220120

01.1817

18.85

230080

01.1819

16.42

190191

01.2358

18.16

210002

01.9936

14.40

220025

01.1064

17.74

220123

01.0259

22.50

230081

01.2169

15.62

190193

01.2713

21.05

210003

01.5027

20.58

220026

01.3902

18.69

220126

01.2271

19.48

230082

01.1432

14.70

190194

01.1266

17.88

210004

01.3025

23.87

220028

01.3945

19.70

220128

01.0800

21.45

230085

01.1131

16.73

190196

00.8076

16.52

210005

01.2264

15.89

220029

01.1478

19.55

220131

01.1501

18.18

230086

01.0034

12.96

190197

01.2713

16.76

210006

01.1117

15.52

220030

01.0895

18.23

220133

00.8252

30.62

230087

01.0416

14.20

190198

01.1387

19.92

210007

01.5136

17.96

220031

01.6518

24.26

220135

01.1525

22.28

230089

01.3534

21.44

190199

01.3032

12.07

210008

01.3465

19.28

220033

01.3347

19.44

220153

01.0148

16.24

230092

01.2721

17.03

190200

01.5343

18.43

210009

01.6689

17.62

220035

01.2166

18.93

220154

00.9255

19.73

230093

01.2452

16.96

190201

01.4033

17.53

210010

01.2350

14.61

220036

01.5874

22.48

220156

01.3006

19.03

230095

01.2160

15.30

190202

01.4866

18.80

210011

01.2708

18.56

220038

01.2392

23.00

220162

01.4332



230096

01.2437

16.62

190203

01.5366

19.83

210012

01.5499

19.80

220041

01.1767

16.08

220163

01.8442

19.92

230097

01.5407

17.27

190204

01.4977

19.33

210013

01.2868

21.55

220042

01.2723

22.59

220171

01.6777

20.19

230099

01.2429

17.18

190205

01.7938

16.25

210015

01.1959

18.69

220045

01.2586

19.58

220173

00.6310



230100

01.2155

14.52

190206

01.4388

22.87

210016

01.8110

17.94

220046

01.3809

22.07

220897

04.7767



230101

01.1076

16.09

190207

01.1993

19.24

210017

01.1038

13.97

220049

01.2332

21.24

230001

01.1929

16.33

230103

01.0302

14.19

190208

00.8106

09.75

210018

01.2813

19.36

220050

00.9715

16.18

230002

01.2720

18.31

230104

01.6323

19.80

190211

00.5662

11.07

210019

01.4084

16.07

220051

01.1967

19.14

230003

01.1335

16.51

230105

01.5472

17.41

190212

00.7211

09.55

210022

01.4223

18.96

220052

01.1996

20.35

230004

01.6992

18.57

230106

01.0964

16.22

190213

02.8663

10.83

210023

01.3443

22.25

220053

01.2845

20.22

230005

01.3330

16.98

230107

00.8899

10.39

190214

00.4476

11.33

210024

01.3323

19.78

220055

01.1986

17.22

230006

01.0594

14.61

230108

01.1687

14.76

190216

00.7557



210025

01.3092

15.79

220057

01.2909

17.18

230007

01.1017

16.37

230110

01.2701

14.49

190217

00.9124



210026

01.3090

18.97

220058

01.1254

18.61

230012

00.7063

14.26

230111

00.9755

14.47

190218

00.9222



210027

01.2362

14.83

220060

01.1411

22.02

230013

01.3023

19.75

230113

01.0302

17.37

190219

00.4818



210028

01.0907

14.70

220062

00.7215

18.20

230014

01.2674

13.29

230114

00.6567

20.83

190220

01.9951



210029

01.3210

17.16

220063

01.2126

17.96

230015

01.2414

17.21

230115

00.9755

14.26

190222

01.7805



210030

01.0931

18.05

220064

01.1936

19.68

230017

01.5027

19.59

230116

00.9372

13.79

190223

00.4818



210031

01.7294

21.38

220065

01.2442

18.79

230019

01.4980

20.62

230117

01.9255

20.87


</TABLE>




