 

<TABLE>






Table S._Based on Life Table 

80CNSMT Single Life Remainder Factors 


[Applicable after April 30, 1989]


1Age 
1Interest rate 
24.2% 
24.4% 
24.6% 
24.8% 
25.0% 
25.2% 
25.4% 
25.6% 
25.8% 
26.0% 




0 
.07389 
.06749 
.06188 
.05695 
.05261 
.04879 
.04541 
.04243 
.03978 
.03744 
1 
.06494 
.05832 
.05250 
.04738 
.04287 
.03889 
.03537 
.03226 
.02950 
.02705 
2 
.06678 
.05999 
.05401 
.04874 
.04410 
.03999 
.03636 
.03314 
.03028 
.02773 
3 
.06897 
.06200 
.05587 
.05045 
.04567 
.04143 
.03768 
.03435 
.03139 
.02875 
4 
.07139 
.06425 
.05796 
.05239 
.04746 
.04310 
.03922 
.03578 
.03271 
.02998 
5 
.07401 
.06669 
.06023 
.05451 
.04944 
.04494 
.04094 
.03738 
.03421 
.03137 
6 
.07677 
.06928 
.06265 
.05677 
.05156 
.04692 
.04279 
.03911 
.03583 
.03289 
7 
.07968 
.07201 
.06521 
.05918 
.05381 
.04903 
.04477 
.04097 
.03757 
.03453 
8 
.08274 
.07489 
.06792 
.06172 
.05621 
.05129 
.04689 
.04297 
.03945 
.03630 
9 
.08597 
.07794 
.07079 
.06443 
.05876 
.05370 
.04917 
.04511 
.04148 
.03821 
10 
.08936 
.08115 
.07383 
.06730 
.06147 
.05626 
.05159 
.04741 
.04365 
.04027 
11 
.09293 
.08453 
.07704 
.07035 
.06436 
.05900 
.05419 
.04988 
.04599 
.04250 
12 
.09666 
.08807 
.08040 
.07354 
.06739 
.06188 
.05693 
.05248 
.04847 
.04486 
13 
.10049 
.09172 
.08387 
.07684 
.07053 
.06487 
.05977 
.05518 
.05104 
.04731 
14 
.10437 
.09541 
.08738 
.08017 
.07370 
.06788 
.06263 
.05791 
.05364 
.04978 
15 
.10827 
.09912 
.09090 
.08352 
.07688 
.07090 
.06551 
.06064 
.05623 
.05225 
16 
.11220 
.10285 
.09445 
.08689 
.08008 
.07394 
.06839 
.06337 
.05883 
.05472 
17 
.11615 
.10661 
.09802 
.09028 
.08330 
.07699 
.07129 
.06612 
.06144 
.05719 
18 
.12017 
.11043 
.10165 
.09373 
.08656 
.08009 
.07422 
.06890 
.06408 
.05969 
19 
.12428 
.11434 
.10537 
.09726 
.08992 
.08327 
.07724 
.07177 
.06679 
.06226 
20 
.12850 
.11836 
.10919 
.10089 
.09337 
.08654 
.08035 
.07471 
.06959 
.06492 
21 
.13282 
.12248 
.11311 
.10462 
.09692 
.08991 
.08355 
.07775 
.07247 
.06765 
22 
.13728 
.12673 
.11717 
.10848 
.10059 
.09341 
.08686 
.08090 
.07546 
.07049 
23 
.14188 
.13113 
.12136 
.11248 
.10440 
.09703 
.09032 
.08418 
.07858 
.07345 
24 
.14667 
.13572 
.12575 
.11667 
.10839 
.10084 
.09395 
.08764 
.08187 
.07659 
25 
.15167 
.14051 
.13034 
.12106 
.11259 
.10486 
.09778 
.09130 
.08536 
.07991 
26 
.15690 
.14554 
.13517 
.12569 
.11703 
.10910 
.10184 
.09518 
.08907 
.08346 
27 
.16237 
.15081 
.14024 
.13056 
.12171 
.11359 
.10614 
.09930 
.09302 
.08724 
28 
.16808 
.15632 
.14555 
.13567 
.12662 
.11831 
.11068 
.10366 
.09720 
.09125 
29 
.17404 
.16208 
.15110 
.14104 
.13179 
.12329 
.11547 
.10827 
.10163 
.09551 
30 
.18025 
.16808 
.15692 
.14665 
.13721 
.12852 
.12051 
.11313 
.10631 
.10002 
31 
.18672 
.17436 
.16300 
.15255 
.14291 
.13403 
.12584 
.11827 
.11127 
.10480 
32 
.19344 
.18090 
.16935 
.15870 
.14888 
.13980 
.13142 
.12367 
.11650 
.10985 
33 
.20044 
.18772 
.17598 
.16514 
.15513 
.14587 
.13730 
.12936 
.12201 
.11519 
34 
.20770 
.19480 
.18287 
.17185 
.16165 
.15221 
.14345 
.13533 
.12780 
.12080 
35 
.21522 
.20215 
.19005 
.17884 
.16846 
.15883 
.14989 
.14159 
.13388 
.12670 
36 
.22299 
.20974 
.19747 
.18609 
.17552 
.16571 
.15660 
.14812 
.14022 
.13287 
37 
.23101 
.21760 
.20516 
.19360 
.18286 
.17288 
.16358 
.15492 
.14685 
.13933 
38 
.23928 
.22572 
.21311 
.20139 
.19048 
.18032 
.17085 
.16201 
.15377 
.14607 
39 
.24780 
.23409 
.22133 
.20945 
.19837 
.18804 
.17840 
.16939 
.16097 
.15310 
40 
.25658 
.24273 
.22982 
.21778 
.20654 
.19605 
.18624 
.17706 
.16847 
.16043 
41 
.26560 
.25163 
.23858 
.22639 
.21499 
.20434 
.19436 
.18502 
.17627 
.16806 
42 
.27486 
.26076 
.24758 
.23525 
.22370 
.21289 
.20276 
.19326 
.18434 
.17597 
43 
.28435 
.27013 
.25683 
.24436 
.23268 
.22172 
.21143 
.20177 
.19270 
.18416 
44 
.29407 
.27975 
.26633 
.25373 
.24191 
.23081 
.22038 
.21057 
.20134 
.19265 
45 
.30402 
.28961 
.27608 
.26337 
.25142 
.24019 
.22962 
.21966 
.21028 
.20144 
46 
.31420 
.29970 
.28608 
.27326 
.26120 
.24983 
.23913 
.22904 
.21951 
.21053 
47 
.32460 
.31004 
.29632 
.28341 
.27123 
.25975 
.24892 
.23870 
.22904 
.21991 
48 
.33521 
.32058 
.30679 
.29379 
.28151 
.26992 
.25897 
.24862 
.23883 
.22957 
49 
.34599 
.33132 
.31746 
.30438 
.29201 
.28032 
.26926 
.25879 
.24888 
.23949 
50 
.35695 
.34224 
.32833 
.31518 
.30273 
.29094 
.27978 
.26921 
.25918 
.24966 
51 
.36809 
.35335 
.33940 
.32619 
.31367 
.30180 
.29055 
.27987 
.26973 
.26010 
52 
.37944 
.36468 
.35070 
.33744 
.32486 
.31292 
.30158 
.29081 
.28057 
.27083 
53 
.39098 
.37622 
.36222 
.34892 
.33629 
.32429 
.31288 
.30203 
.29170 
.28186 
54 
.40269 
.38794 
.37393 
.36062 
.34795 
.33590 
.32442 
.31349 
.30308 
.29316 
55 
.41457 
.39985 
.38585 
.37252 
.35983 
.34774 
.33621 
.32522 
.31474 
.30473 
56 
.42662 
.41194 
.39796 
.38464 
.37193 
.35981 
.34824 
.33720 
.32666 
.31658 
57 
.43884 
.42422 
.41028 
.39697 
.38426 
.37213 
.36053 
.34945 
.33885 
.32872 
58 
.45123 
.43668 
.42279 
.40951 
.39682 
.38468 
.37307 
.36196 
.35132 
.34114 
59 
.46377 
.44931 
.43547 
.42224 
.40958 
.39745 
.38584 
.37471 
.36405 
.35383 
60 
.47643 
.46206 
.44830 
.43513 
.42250 
.41040 
.39880 
.38767 
.37699 
.36674 
61 
.48916 
.47491 
.46124 
.44814 
.43556 
.42350 
.41192 
.40080 
.39012 
.37985 
62 
.50196 
.48783 
.47427 
.46124 
.44874 
.43672 
.42518 
.41408 
.40340 
.39314 
63 
.51480 
.50081 
.48736 
.47444 
.46201 
.45006 
.43856 
.42749 
.41684 
.40658 
64 
.52770 
.51386 
.50054 
.48773 
.47540 
.46352 
.45208 
.44105 
.43043 
.42019 
65 
.54069 
.52701 
.51384 
.50115 
.48892 
.47713 
.46577 
.45480 
.44422 
.43401 
66 
.55378 
.54029 
.52727 
.51472 
.50262 
.49093 
.47965 
.46876 
.45824 
.44808 
67 
.56697 
.55368 
.54084 
.52845 
.51648 
.50491 
.49373 
.48293 
.47248 
.46238 
68 
.58026 
.56717 
.55453 
.54231 
.53049 
.51905 
.50800 
.49729 
.48694 
.47691 
69 
.59358 
.58072 
.56828 
.55624 
.54459 
.53330 
.52238 
.51179 
.50154 
.49160 
70 
.60689 
.59427 
.58205 
.57021 
.55874 
.54762 
.53683 
.52638 
.51624 
.50641 
71 
.62014 
.60778 
.59578 
.58415 
.57287 
.56193 
.55131 
.54100 
.53099 
.52126 
72 
.63334 
.62123 
.60948 
.59808 
.58700 
.57624 
.56579 
.55563 
.54577 
.53617 
73 
.64648 
.63465 
.62315 
.61198 
.60112 
.59056 
.58029 
.57030 
.56059 
.55113 
74 
.65961 
.64806 
.63682 
.62590 
.61527 
.60492 
.59485 
.58504 
.57550 
.56620 
75 
.67274 
.66149 
.65054 
.63987 
.62948 
.61936 
.60950 
.59990 
.59053 
.58140 
76 
.68589 
.67495 
.66429 
.65390 
.64377 
.63390 
.62427 
.61487 
.60570 
.59676 
77 
.69903 
.68841 
.67806 
.66796 
.65811 
.64849 
.63910 
.62993 
.62097 
.61223 
78 
.71209 
.70182 
.69179 
.68199 
.67242 
.66307 
.65393 
.64501 
.63628 
.62775 
79 
.72500 
.71507 
.70537 
.69588 
.68660 
.67754 
.66867 
.65999 
.65151 
.64321 
80 
.73768 
.72809 
.71872 
.70955 
.70058 
.69180 
.68320 
.67479 
.66655 
.65849 
81 
.75001 
.74077 
.73173 
.72288 
.71422 
.70573 
.69741 
.68926 
.68128 
.67345 
82 
.76195 
.75306 
.74435 
.73582 
.72746 
.71926 
.71123 
.70335 
.69562 
.68804 
83 
.77346 
.76491 
.75654 
.74832 
.74026 
.73236 
.72460 
.71699 
.70952 
.70219 
84 
.78456 
.77636 
.76831 
.76041 
.75265 
.74503 
.73756 
.73021 
.72300 
.71592 
85 
.79530 
.78743 
.77971 
.77212 
.76466 
.75733 
.75014 
.74306 
.73611 
.72928 
86 
.80560 
.79806 
.79065 
.78337 
.77621 
.76917 
.76225 
.75544 
.74875 
.74216 
87 
.81535 
.80813 
.80103 
.79404 
.78717 
.78041 
.77375 
.76720 
.76076 
.75442 
88 
.82462 
.81771 
.81090 
.80420 
.79760 
.79111 
.78472 
.77842 
.77223 
.76612 
89 
.83356 
.82694 
.82043 
.81401 
.80769 
.80147 
.79533 
.78929 
.78334 
.77747 
90 
.84225 
.83593 
.82971 
.82357 
.81753 
.81157 
.80570 
.79991 
.79420 
.78857 
91 
.85058 
.84455 
.83861 
.83276 
.82698 
.82129 
.81567 
.81013 
.80466 
.79927 
92 
.85838 
.85263 
.84696 
.84137 
.83585 
.83040 
.82503 
.81973 
.81449 
.80933 
93 
.86557 
.86009 
.85467 
.84932 
.84405 
.83884 
.83370 
.82862 
.82360 
.81865 
94 
.87212 
.86687 
.86169 
.85657 
.85152 
.84653 
.84160 
.83673 
.83192 
.82717 
95 
.87801 
.87298 
.86801 
.86310 
.85825 
.85345 
.84872 
.84404 
.83941 
.83484 
96 
.88322 
.87838 
.87360 
.86888 
.86420 
.85959 
.85502 
.85051 
.84605 
.84165 
97 
.88795 
.88328 
.87867 
.87411 
.86961 
.86515 
.86074 
.85639 
.85208 
.84782 
98 
.89220 
.88769 
.88323 
.87883 
.87447 
.87016 
.86589 
.86167 
.85750 
.85337 
99 
.89612 
.89176 
.88745 
.88318 
.87895 
.87478 
.87064 
.86656 
.86251 
.85850 
100 
.89977 
.89555 
.89136 
.88722 
.88313 
.87908 
.87506 
.87109 
.86716 
.86327 
101 
.90326 
.89917 
.89511 
.89110 
.88712 
.88318 
.87929 
.87543 
.87161 
.86783 
102 
.90690 
.90294 
.89901 
.89513 
.89128 
.88746 
.88369 
.87995 
.87624 
.87257 
103 
.91076 
.90694 
.90315 
.89940 
.89569 
.89200 
.88835 
.88474 
.88116 
.87760 
104 
.91504 
.91138 
.90775 
.90415 
.90058 
.89704 
.89354 
.89006 
.88661 
.88319 
105 
.92027 
.91681 
.91337 
.90996 
.90658 
.90322 
.89989 
.89659 
.89331 
.89006 
106 
.92763 
.92445 
.92130 
.91816 
.91506 
.91197 
.90890 
.90586 
.90284 
.89983 
107 
.93799 
.93523 
.93249 
.92977 
.92707 
.92438 
.92170 
.91905 
.91641 
.91378 
108 
.95429 
.95223 
.95018 
.94814 
.94611 
.94409 
.94208 
.94008 
.93809 
.93611 
109 
.97985 
.97893 
.97801 
.97710 
.97619 
.97529 
.97438 
.97348 
.97259 
.97170 


</TABLE>

