 

<TABLE>



Rate Schedule 

103_

Priority Mail*


[Dollars]

1Weight not exceeding (pounds)

1Zones L/1/2/3

1Zone 4

1Zone 5

1Zone 6

1Zone 7

1Zone 8



1 
3.00 
3.00 
3.00 
3.00 
3.00 
3.00
2 
3.00 
3.00 
3.00 
3.00 
3.00 
3.00
3 
4.00 
4.00 
4.00 
4.00 
4.00 
4.00
4 
5.00 
5.00 
5.00 
5.00 
5.00 
5.00
5 
6.00 
6.00 
6.00 
6.00 
6.00 
6.00
6 
6.35 
6.90 
7.10 
7.20 
7.80 
8.00
7 
6.65 
7.80 
8.10 
8.40 
9.20 
9.80 
8 
6.95 
8.70 
9.05 
9.50 
10.40 
11.60 
9 
7.40 
9.35 
10.00 
10.60 
11.30 
13.00
10 
7.85 
10.00 
10.75 
11.40 
12.15 
14.05 
11 
8.25 
10.65 
11.45 
12.20 
13.00 
15.10 
12 
8.70 
11.30 
12.20 
13.00 
13.90 
16.15 
13 
9.10 
11.95 
12.90 
13.80 
14.75 
17.20 
14 
9.55 
12.60 
13.65 
14.55 
15.60 
18.25 
15 
10.00 
13.25 
14.35 
15.35 
16.50 
19.30 
16 
10.40 
13.90 
15.05 
16.15 
17.35 
20.35 
17 
10.85 
14.55 
15.80 
16.95 
18.20 
21.40 
18 
11.30 
15.20 
16.50 
17.75 
19.05 
22.45 
19 
11.70 
15.85 
17.25 
18.55 
19.95 
23.50 
20 
12.15 
16.50 
17.95 
19.30 
20.80 
24.55 
21 
12.60 
17.15 
18.70 
20.10 
21.65 
25.60 
22 
13.00 
17.80 
19.40 
20.90 
22.55 
26.65 
23 
13.45 
18.45 
20.15 
21.70 
23.40 
27.70 
24 
13.85 
19.10 
20.85 
22.50 
24.25 
28.75 
25 
14.30 
19.75 
21.60 
23.25 
25.15 
29.85 
26 
14.75 
20.40 
22.30 
24.05 
26.00 
30.90 
27 
15.15 
21.05 
23.00 
24.85 
26.85 
31.95 
28 
15.60 
21.70 
23.75 
25.65 
27.70 
33.00 
29 
16.05 
22.35 
24.45 
26.45 
28.60 
34.05 
30 
16.45 
23.00 
25.20 
27.20 
29.45 
35.10 
31 
16.90 
23.65 
25.90 
28.00 
30.30 
36.15 
32 
17.35 
24.30 
26.65 
28.80 
31.20 
37.20 
33 
17.75 
24.95 
27.35 
29.60 
32.05 
38.25 
34 
18.20 
25.60 
28.10 
30.40 
32.90 
39.30 
35 
18.60 
26.25 
28.80 
31.20 
33.75 
40.35 
36 
19.05 
26.90 
29.55 
31.95 
34.65 
41.40 
37 
19.50 
27.55 
30.25 
32.75 
35.50 
42.45 
38 
19.90 
28.20 
31.00 
33.55 
36.35 
43.50 
39 
20.35 
28.85 
31.70 
34.35 
37.25 
44.55 
40 
20.80 
29.50 
32.40 
35.15 
38.10 
45.60 
41 
21.20 
30.15 
33.15 
35.90 
38.95 
46.65 
42 
21.65 
30.80 
33.85 
36.70 
39.85 
47.70 
43 
22.10 
31.45 
34.60 
37.50 
40.70 
48.80 
44 
22.50 
32.10 
35.30 
38.30 
41.55 
49.85 
45 
22.95 
32.75 
36.05 
39.10 
42.40 
50.90 
46 
23.35 
33.40 
36.75 
39.85 
43.30 
51.95 
47 
23.80 
34.05 
37.50 
40.65 
44.15 
53.00 
48 
24.25 
34.70 
38.20 
41.45 
45.00 
54.05 
49 
24.65 
35.35 
38.95 
42.25 
45.90 
55.10 
50 
25.10 
36.00 
39.65 
43.05 
46.75 
56.15 

51 
25.55 
36.65 
40.35 
43.85 
47.60 
57.20
52 
25.95 
37.30 
41.10 
44.60 
48.50 
58.25
53 
26.40 
37.95 
41.80 
45.40 
49.35 
59.30
54 
26.85 
38.60 
42.55 
46.20 
50.20 
60.35
55 
27.25 
39.25 
43.25 
47.00 
51.05 
61.40
56 
27.70 
39.90 
44.00 
47.80 
51.95 
62.45
57 
28.10 
40.55 
44.70 
48.55 
52.80 
63.50
58 
28.55 
41.20 
45.45 
49.35 
53.65 
64.55
59 
29.00 
41.85 
46.15 
50.15 
54.55 
65.60
60 
29.40 
42.50 
46.90 
50.95 
55.40 
66.65
61 
29.85 
43.15 
47.60 
51.75 
56.25 
67.75
62 
30.30 
43.80 
48.35 
52.50 
57.10 
68.80
63 
30.70 
44.45 
49.05 
53.30 
58.00 
69.85
64 
31.15 
45.10 
49.75 
54.10 
58.85 
70.90
65 
31.60 
45.75 
50.50 
54.90 
59.70 
71.95
66 
32.00 
46.40 
51.20 
55.70 
60.60 
73.00
67 
32.45 
47.05 
51.95 
56.50 
61.45 
74.05
68 
32.90 
47.70 
52.65 
57.25 
62.30 
75.10
69 
33.30 
48.35 
53.40 
58.05 
63.20 
76.15
70 
33.75 
49.00 
54.10 
58.85 
64.05 
77.20


*Notes: 

1. The 2-pound rate is charged for matter sent in a ``flat rate'' envelope provided by the Postal Service. 

2. Add $4.95 for each pickup stop. 

3. Pieces presented in mailings of at least 300 pieces and meeting applicable Postal Service regulations for 
presorted Priority Mail receive the 11 cents per-piece discount. 

4. Exception: Parcels weighing less than 15 pounds, measuring over 84 inches in length and girth combined, are 
chargeable with a minimum rate equal to that for a 15-pound parcel for the zone to which addressed.


</TABLE>

