 

<TABLE>




Rate Schedules 

500, 501, 502, 

and 

503


[Dollar amounts in current rate; Express Mail Rates*]


1Weight Not Exceeding (Pounds) 
1Schedule 500 Same Day Airport Service 
1Schedule 501 Custom Designed 
1Schedule 502 Next Day and Second day PO to PO 
1Schedule 503 Next Day and Second Day PO to Addressee




1/2 
8.35 
8.75 
9.50 
9.95
1 
9.70 
12.95 
11.15 
13.95
2 
9.70 
12.95 
11.15 
13.95
3 
11.05 
14.95 
13.15 
15.95
4 
12.10 
16.95 
15.15 
17.95
5 
13.10 
18.95 
17.15 
19.95
6 
14.15 
22.50 
20.70 
23.50
7 
15.20 
23.50 
21.70 
24.50
8 
16.25 
24.55 
22.75 
25.55
9 
17.30 
25.55 
23.75 
26.55
10 
18.30 
26.60 
24.80 
27.60
11 
19.35 
27.60 
25.80 
28.60
12 
20.40 
28.65 
26.85 
29.65
13 
21.45 
29.65 
27.85 
30.65
14 
22.50 
30.70 
28.90 
31.70
15 
23.50 
31.70 
29.90 
32.70
16 
24.55 
32.75 
30.95 
33.75
17 
25.60 
33.80 
32.00 
34.80
18 
26.65 
34.80 
33.00 
35.80
19 
27.70 
35.85 
34.05 
36.85
20 
28.70 
36.85 
35.05 
37.85
21 
29.75 
37.90 
36.10 
38.90
22 
30.80 
38.90 
37.10 
39.90
23 
31.85 
39.95 
38.15 
40.95
24 
32.90 
40.95 
39.15 
41.95
23 
33.90 
42.00 
40.20 
43.00
26 
34.95 
43.00 
41.20 
44.00
27 
35.90 
44.05 
42.25 
45.05
28 
36.75 
45.05 
43.25 
46.05
29 
37.65 
46.10 
44.30 
47.10
30 
38.50 
47.15 
45.35 
48.15
31 
39.35 
48.15 
46.35 
49.15
32 
40.25 
49.20 
47.40 
50.20
33 
41.10 
50.20 
48.40 
51.20
34 
41.95 
51.25 
49.45 
52.25
35 
42.85 
52.25 
50.45 
53.25
36 
43.70 
53.30 
51.50 
54.30
37 
44.55 
54.30 
52.50 
55.30
38 
45.45 
55.35 
53.55 
56.35
39 
46.30 
56.35 
54.55 
57.35
40 
47.15 
57.40 
55.60 
58.40


</TABLE>



